[0]
controller_id = 1
type = directional
diffuse = 1.000000, 1.000000, 1.000000, 1.000000
specular = 0.000000, 0.000000, 0.000000, 1.000000
ambient = 1.000000, 1.000000, 1.000000, 0.000000
position = 0.000000, 0.000000, 0.000000
direction = 0.840314, -0.422618, 0.339510
range = 0.000000
falloff = 0.000000
attenuation0 = 0.000000
attenuation1 = 0.000000
attenuation2 = -0.794226
theta = -0.190406
phi = 0.577019

