[0]
position = -3.726552, -0.199999, 40.021786
radius = 0.500000
shader_index = 1

